tocke <-
list(`1` = structure(c(0.104698306867979, 0.783397751931858, 
0.125752990812037, 0.616447675794318, 0.120489319826023, 0.432802592043024, 
0.342879418985135, 0.428628840139585, 0.098118718135461, 0.315937538746745, 
0.221814986306802, 0.188638105691871), .Dim = c(2L, 6L)), `2` = structure(c(0.182337453911693, 
0.647750815070107, 0.203392137855751, 0.355588181829411, 0.265240271941421, 
0.188638105691871, 0.465259769409973, 0.159421842367801, 0.29024270912499, 
0.33054567040878, 0.40999122405682, 0.453671351560216, 0.394200211098777, 
0.66653269863558, 0.287610873631983, 0.810527139304209), .Dim = c(2L, 
8L)), `3` = structure(c(0.39551612884528, 0.409846956574112, 
0.445521003212418, 0.345153802070815, 0.366565938422201, 0.244983756388291, 
0.70738863476664, 0.27420001971236, 0.557374011665226, 0.336806298263938, 
0.624485816736911, 0.568449528904775, 0.833716738430988, 0.829309022869682, 
0.88898528378414, 0.712443969573404, 0.983731361532401, 0.524625133918671, 
0.924515062939738, 0.745833984800912, 0.731075154203705, 0.973303463538311, 
0.507369137298088, 0.781310875980139), .Dim = c(2L, 12L)), `4` = structure(c(0.670542937864538, 
0.664445822683861, 0.760025344626785, 0.510017002256636, 0.878457941812111, 
0.484974490836005, 0.916619556460716, 0.313850662795026, 0.86003509336106, 
0.119771199285135), .Dim = c(2L, 5L)), `5` = structure(c(0.491578124340045, 
0.587231412470248, 0.625801734483415, 0.422368212284427, 0.777132275331332, 
0.453671351560216, 0.658699678146005, 0.232462500677975, 0.278399449406458, 
0.159421842367801), .Dim = c(2L, 5L)))
activename <-
6
