tocke <-
list(`1` = structure(c(0.161733087319229, 0.560102025097898, 
0.0679339260951389, 0.63940331126323, 0.0584950167895701, 0.462018855367093, 
0.0779627672323057, 0.376456941346604, 0.110998949801797, 0.322198166601903, 
0.161733087319229, 0.249157508291729, 0.15524383717165, 0.0529911688301193, 
0.0189695840725007, 0.148987462609205), .Dim = c(2L, 8L)), `2` = structure(c(0.136955950392111, 
0.267939391857203, 0.227215520626613, 0.211593741160783, 0.247273202900946, 
0.301329407084711, 0.174711587614386, 0.397325700863796, 0.117488199949375, 
0.3868913211052, 0.0803224945586979, 0.0926418119127851, 0.279129521807241, 
0.105163067623101), .Dim = c(2L, 7L)), `3` = structure(c(0.239014157258574, 
0.261678764002045, 0.259071839532907, 0.194898733547029, 0.2614315668593, 
0.0300355333612075, 0.264971157848888, 0.00916677384401494, 0.254352384880123, 
0.00707989789229568, 0.253762453048525, 0.0383830371680845, 0.247273202900946, 
0.44323697180162, 0.323964341008693, 0.430715716091304, 0.308036181555546, 
0.144813710705766, 0.312165704376732, 0.0300355333612075), .Dim = c(2L, 
10L)), `4` = structure(c(0.364669637388958, 0.549667645339302, 
0.360540114567772, 0.280460647567518, 0.369979023873341, 0.0780336802507503, 
0.381187728673704, 0.0383830371680845), .Dim = c(2L, 4L)), `5` = structure(c(0.367619296546949, 
0.201159361402186, 0.324554272840291, 0.338893174215657, 0.302726795071163, 
0.222028120919379, 0.305676454229153, 0.0905549359610659, 0.354640796251791, 
0.025861781457769, 0.385907183326488, 0.115597447381697), .Dim = c(2L, 
6L)), `6` = structure(c(0.473217094403, 0.522538257966952, 0.505663345140892, 
0.290895027326114, 0.496814367666922, -0.00544135781801985, 0.463778185097431, 
-0.0283969932869317, 0.494454640340529, 0.0133405257474534, 0.488555322024549, 
0.0300355333612075, 0.567606187458688, 0.49958262249804, 0.589433665227815, 
0.52671200987039, 0.568196119290286, 0.55384139724274, 0.549318300679148, 
0.55592827319446, 0.54872836884755, 0.510017002256636, 0.584124278743433, 
0.0467305409749615), .Dim = c(2L, 12L)), `7` = structure(c(0.588843733396217, 
0.290895027326114, 0.569375982953482, 0.123944951188574, 0.5941531198806, 
-0.0221363654317739, 0.649016780219219, -0.00544135781801985, 
0.651376507545611, 0.0613386726369963, 0.64547718922963, 0.278373771615799, 
0.63957787091365, 0.286721275422676, 0.638398007250454, 0.251244384243449, 
0.659045621356385, 0.0529911688301193), .Dim = c(2L, 9L)), `8` = structure(c(0.71213948620021, 
0.541320141532425, 0.702700576894641, 0.255418136146887, 0.722168327337377, 
0.0675993004921541, 0.722168327337377, 0.0279486574094882), .Dim = c(2L, 
4L)), `9` = structure(c(0.712729418031808, 0.211593741160783, 
0.675563712641131, 0.326371918505342, 0.628959097944885, 0.236636252581414, 
0.638398007250454, 0.0383830371680845, 0.680283167293915, -0.0283969932869317, 
0.726887781990161, 0.103076191671381), .Dim = c(2L, 6L)), `10` = structure(c(0.728067645653357, 
0.192811857595309, 0.788240692476359, 0.111423695478258, 0.834845307172605, 
0.0968155638162236, 0.843694284646575, 0.278373771615799, 0.802399056434712, 
0.313850662795026, 0.715679077189798, 0.366022561588008, 0.703880440557837, 
0.0133405257474534, 0.78765076064476, 0.0216880295543305, 0.82422653420384, 
0.0154274016991727), .Dim = c(2L, 9L)), `11` = structure(c(0.908586786122361, 
0.178203725933275, 0.880859990037252, 0.320111290650184, 0.8059386474243, 
0.349327553974253, 0.789420556139555, 0.215767493064221, 0.843694284646575, 
0.0655124245404348, 0.893248558500812, 0.0675993004921541, 0.916845831764734, 
0.0905549359610659, 0.92097535458592, -0.0158757375766161, 0.871421080731684, 
-0.0158757375766161, 0.82717619336183, 0.0300355333612075), .Dim = c(2L, 
10L)))
activename <-
12
