tocke <-
list(`1` = structure(c(0.320424750019105, 0.501669498449759, 
0.452569480297068, 0.480800738932567, 0.510972731625275, 0.781310875980139, 
0.538699527710383, 0.338893174215657), .Dim = c(2L, 4L)), `2` = structure(c(0.17353172395119, 
0.432802592043024, 0.301546931407967, 0.290895027326114, 0.230755111616201, 
0.737486480994035, 0.387676978821282, 0.576797032711652, 0.336352909472252, 
0.140639958802328, 0.314525431703124, 0.0675993004921541), .Dim = c(2L, 
6L)))
activename <-
3
